# Generated by SpekPy Script for MC-GPU (NORMALIZED, 256 BINS)
# Spectrum normalized to 1 mAs (per mAs).
# Max Energy (Upper Edge): 120.00 keV.
# Energy [eV]      Num. photons/(mm^2*keV) [Normalized Fluence]
5.000000e+03   3.788041e-70
5.500000e+03   1.843418e-52
6.000000e+03   7.481516e-40
6.500000e+03   1.341543e-30
7.000000e+03   1.099462e-23
7.500000e+03   4.060471e-18
8.000000e+03   2.982149e-14
8.500000e+03   9.503626e-10
9.000000e+03   1.698398e-44
9.500000e+03   1.191313e-38
1.000000e+04   1.092589e-46
1.050000e+04   2.091563e-41
1.100000e+04   6.772886e-36
1.150000e+04   8.738650e-31
1.200000e+04   2.296465e-27
1.250000e+04   5.290803e-24
1.300000e+04   5.260480e-21
1.350000e+04   2.144033e-18
1.400000e+04   4.118043e-16
1.450000e+04   4.250807e-14
1.500000e+04   2.522155e-12
1.550000e+04   9.636166e-11
1.600000e+04   2.439502e-09
1.650000e+04   4.332049e-08
1.700000e+04   5.660117e-07
1.750000e+04   5.664387e-06
1.800000e+04   4.563941e-05
1.850000e+04   2.991099e-04
1.900000e+04   1.641251e-03
1.950000e+04   7.688375e-03
2.000000e+04   3.122980e-02
2.050000e+04   1.123947e-01
2.100000e+04   3.611416e-01
2.150000e+04   1.048741e+00
2.200000e+04   2.782080e+00
2.250000e+04   6.832803e+00
2.300000e+04   1.559245e+01
2.350000e+04   3.330038e+01
2.400000e+04   6.699187e+01
2.450000e+04   1.276685e+02
2.500000e+04   2.316532e+02
2.550000e+04   4.031457e+02
2.600000e+04   6.734584e+02
2.650000e+04   1.083873e+03
2.700000e+04   1.685956e+03
2.750000e+04   2.541408e+03
2.800000e+04   3.720066e+03
2.850000e+04   5.305199e+03
2.900000e+04   7.387106e+03
2.950000e+04   1.006149e+04
3.000000e+04   1.342933e+04
3.050000e+04   1.758993e+04
3.100000e+04   2.264420e+04
3.150000e+04   2.868851e+04
3.200000e+04   3.580966e+04
3.250000e+04   4.408994e+04
3.300000e+04   5.359541e+04
3.350000e+04   6.438296e+04
3.400000e+04   7.649307e+04
3.450000e+04   8.995023e+04
3.500000e+04   1.047711e+05
3.550000e+04   1.208168e+05
3.600000e+04   1.381797e+05
3.650000e+04   1.568157e+05
3.700000e+04   1.766828e+05
3.750000e+04   1.977266e+05
3.800000e+04   2.198696e+05
3.850000e+04   2.430497e+05
3.900000e+04   2.671642e+05
3.950000e+04   2.921411e+05
4.000000e+04   3.178731e+05
4.050000e+04   3.439252e+05
4.100000e+04   3.705230e+05
4.150000e+04   3.975487e+05
4.200000e+04   4.249321e+05
4.250000e+04   4.525441e+05
4.300000e+04   4.803109e+05
4.350000e+04   5.081436e+05
4.400000e+04   5.359345e+05
4.450000e+04   5.636283e+05
4.500000e+04   5.911102e+05
4.550000e+04   6.177755e+05
4.600000e+04   6.440824e+05
4.650000e+04   6.699801e+05
4.700000e+04   6.954295e+05
4.750000e+04   7.203448e+05
4.800000e+04   7.447152e+05
4.850000e+04   7.684519e+05
4.900000e+04   7.915390e+05
4.950000e+04   8.139618e+05
5.000000e+04   8.356555e+05
5.050000e+04   8.559933e+05
5.100000e+04   8.755606e+05
5.150000e+04   8.943738e+05
5.200000e+04   9.124096e+05
5.250000e+04   9.296428e+05
5.300000e+04   9.461209e+05
5.350000e+04   9.617862e+05
5.400000e+04   9.766600e+05
5.450000e+04   9.907320e+05
5.500000e+04   1.003991e+06
5.550000e+04   1.015903e+06
5.600000e+04   1.027011e+06
5.650000e+04   1.037397e+06
5.700000e+04   1.047014e+06
5.750000e+04   1.055878e+06
5.800000e+04   5.148789e+06
5.850000e+04   1.071437e+06
5.900000e+04   1.078220e+06
5.950000e+04   8.786294e+06
6.000000e+04   1.089687e+06
6.050000e+04   1.093759e+06
6.100000e+04   1.097191e+06
6.150000e+04   1.100080e+06
6.200000e+04   1.102328e+06
6.250000e+04   1.104088e+06
6.300000e+04   1.105254e+06
6.350000e+04   1.105892e+06
6.400000e+04   1.106034e+06
6.450000e+04   1.105615e+06
6.500000e+04   1.104764e+06
6.550000e+04   1.103291e+06
6.600000e+04   1.101439e+06
6.650000e+04   1.099116e+06
6.700000e+04   4.480089e+06
6.750000e+04   1.150683e+06
6.800000e+04   1.089651e+06
6.850000e+04   1.085775e+06
6.900000e+04   1.362753e+06
6.950000e+04   1.704027e+06
7.000000e+04   9.494455e+05
7.050000e+04   9.463084e+05
7.100000e+04   9.428888e+05
7.150000e+04   9.391495e+05
7.200000e+04   9.352237e+05
7.250000e+04   9.309847e+05
7.300000e+04   9.265132e+05
7.350000e+04   9.217994e+05
7.400000e+04   9.167617e+05
7.450000e+04   9.115586e+05
7.500000e+04   9.060347e+05
7.550000e+04   9.003356e+05
7.600000e+04   8.943907e+05
7.650000e+04   8.881967e+05
7.700000e+04   8.818539e+05
7.750000e+04   8.752344e+05
7.800000e+04   8.684988e+05
7.850000e+04   8.615024e+05
7.900000e+04   8.543487e+05
7.950000e+04   8.470253e+05
8.000000e+04   8.394876e+05
8.050000e+04   8.315252e+05
8.100000e+04   8.233570e+05
8.150000e+04   8.151085e+05
8.200000e+04   8.067034e+05
8.250000e+04   7.981777e+05
8.300000e+04   7.895736e+05
8.350000e+04   7.808176e+05
8.400000e+04   7.720051e+05
8.450000e+04   7.630508e+05
8.500000e+04   7.540182e+05
8.550000e+04   7.448866e+05
8.600000e+04   7.356473e+05
8.650000e+04   7.263519e+05
8.700000e+04   7.169522e+05
8.750000e+04   7.074916e+05
8.800000e+04   6.979549e+05
8.850000e+04   6.883367e+05
8.900000e+04   6.786658e+05
8.950000e+04   6.689139e+05
9.000000e+04   6.591152e+05
9.050000e+04   6.490674e+05
9.100000e+04   6.389665e+05
9.150000e+04   6.288359e+05
9.200000e+04   6.186378e+05
9.250000e+04   6.084076e+05
9.300000e+04   5.981329e+05
9.350000e+04   5.878163e+05
9.400000e+04   5.774804e+05
9.450000e+04   5.670931e+05
9.500000e+04   5.566855e+05
9.550000e+04   5.462414e+05
9.600000e+04   5.357542e+05
9.650000e+04   5.252579e+05
9.700000e+04   5.147102e+05
9.750000e+04   5.041544e+05
9.800000e+04   4.935537e+05
9.850000e+04   4.829185e+05
9.900000e+04   4.722673e+05
9.950000e+04   4.615575e+05
1.000000e+05   4.508528e+05
1.005000e+05   4.400097e+05
1.010000e+05   4.291553e+05
1.015000e+05   4.182899e+05
1.020000e+05   4.073650e+05
1.025000e+05   3.964551e+05
1.030000e+05   3.854941e+05
1.035000e+05   3.745308e+05
1.040000e+05   3.635367e+05
1.045000e+05   3.525040e+05
1.050000e+05   3.414704e+05
1.055000e+05   3.303741e+05
1.060000e+05   3.192885e+05
1.065000e+05   3.081512e+05
1.070000e+05   2.969884e+05
1.075000e+05   2.858145e+05
1.080000e+05   2.745806e+05
1.085000e+05   2.633603e+05
1.090000e+05   2.520759e+05
1.095000e+05   2.407903e+05
1.100000e+05   2.294746e+05
1.105000e+05   2.180852e+05
1.110000e+05   2.067083e+05
1.115000e+05   1.952663e+05
1.120000e+05   1.838642e+05
1.125000e+05   1.724391e+05
1.130000e+05   1.610361e+05
1.135000e+05   1.496585e+05
1.140000e+05   1.382643e+05
1.145000e+05   1.269365e+05
1.150000e+05   1.155822e+05
1.155000e+05   1.043042e+05
1.160000e+05   9.303663e+04
1.165000e+05   8.184007e+04
1.170000e+05   7.072067e+04
1.175000e+05   5.953937e+04
1.180000e+05   4.876440e+04
1.185000e+05   3.758608e+04
1.190000e+05   2.675322e+04
1.195000e+05   1.430532e+04
1.200000e+05   -1.000000e+00
