# Generated by SpekPy Script for MC-GPU (NORMALIZED, 256 BINS)
# Spectrum normalized to 1 mAs (per mAs).
# Max Energy (Upper Edge): 80.50 keV.
# Energy [eV]      Num. photons/(mm^2*keV) [Normalized Fluence]
5.000000e+03   1.004573e-72
5.500000e+03   4.875995e-54
6.000000e+03   8.793047e-41
6.500000e+03   4.266060e-31
7.000000e+03   6.594167e-24
7.500000e+03   3.540441e-18
8.000000e+03   3.548560e-14
8.500000e+03   1.150154e-09
9.000000e+03   3.423745e-08
9.500000e+03   3.866371e-05
1.000000e+04   1.182907e-03
1.050000e+04   3.452321e-03
1.100000e+04   5.695677e-02
1.150000e+04   1.441696e+00
1.200000e+04   3.022983e+00
1.250000e+04   1.378266e+01
1.300000e+04   5.762625e+01
1.350000e+04   1.971205e+02
1.400000e+04   5.705466e+02
1.450000e+04   1.434361e+03
1.500000e+04   3.205642e+03
1.550000e+04   6.465319e+03
1.600000e+04   1.198121e+04
1.650000e+04   2.064623e+04
1.700000e+04   3.341781e+04
1.750000e+04   5.123603e+04
1.800000e+04   7.463597e+04
1.850000e+04   1.044225e+05
1.900000e+04   1.410080e+05
1.950000e+04   1.845722e+05
2.000000e+04   2.350458e+05
2.050000e+04   2.912027e+05
2.100000e+04   3.532529e+05
2.150000e+04   4.205284e+05
2.200000e+04   4.922850e+05
2.250000e+04   5.658768e+05
2.300000e+04   6.420159e+05
2.350000e+04   7.199017e+05
2.400000e+04   7.987099e+05
2.450000e+04   8.776374e+05
2.500000e+04   9.560337e+05
2.550000e+04   1.031035e+06
2.600000e+04   1.104237e+06
2.650000e+04   1.175193e+06
2.700000e+04   1.243443e+06
2.750000e+04   1.307896e+06
2.800000e+04   1.366331e+06
2.850000e+04   1.421362e+06
2.900000e+04   1.472985e+06
2.950000e+04   1.521027e+06
3.000000e+04   1.565460e+06
3.050000e+04   1.602777e+06
3.100000e+04   1.636682e+06
3.150000e+04   1.667316e+06
3.200000e+04   1.694746e+06
3.250000e+04   1.718973e+06
3.300000e+04   1.740204e+06
3.350000e+04   1.758481e+06
3.400000e+04   1.773916e+06
3.450000e+04   1.786703e+06
3.500000e+04   1.796871e+06
3.550000e+04   1.800806e+06
3.600000e+04   1.802706e+06
3.650000e+04   1.802631e+06
3.700000e+04   1.800783e+06
3.750000e+04   1.797201e+06
3.800000e+04   1.791990e+06
3.850000e+04   1.785300e+06
3.900000e+04   1.777147e+06
3.950000e+04   1.767735e+06
4.000000e+04   1.757111e+06
4.050000e+04   1.742803e+06
4.100000e+04   1.727677e+06
4.150000e+04   1.711716e+06
4.200000e+04   1.695008e+06
4.250000e+04   1.677663e+06
4.300000e+04   1.659620e+06
4.350000e+04   1.641085e+06
4.400000e+04   1.622013e+06
4.450000e+04   1.602390e+06
4.500000e+04   1.582436e+06
4.550000e+04   1.560452e+06
4.600000e+04   1.538228e+06
4.650000e+04   1.515854e+06
4.700000e+04   1.493190e+06
4.750000e+04   1.470484e+06
4.800000e+04   1.447636e+06
4.850000e+04   1.424562e+06
4.900000e+04   1.401525e+06
4.950000e+04   1.378316e+06
5.000000e+04   1.355021e+06
5.050000e+04   1.330865e+06
5.100000e+04   1.306634e+06
5.150000e+04   1.282568e+06
5.200000e+04   1.258583e+06
5.250000e+04   1.234520e+06
5.300000e+04   1.210681e+06
5.350000e+04   1.186859e+06
5.400000e+04   1.163063e+06
5.450000e+04   1.139454e+06
5.500000e+04   1.115812e+06
5.550000e+04   1.091780e+06
5.600000e+04   1.067965e+06
5.650000e+04   1.044181e+06
5.700000e+04   1.020650e+06
5.750000e+04   9.972050e+05
5.800000e+04   1.651622e+06
5.850000e+04   9.506836e+05
5.900000e+04   9.275922e+05
5.950000e+04   2.111123e+06
6.000000e+04   8.818793e+05
6.050000e+04   8.588469e+05
6.100000e+04   8.360607e+05
6.150000e+04   8.133492e+05
6.200000e+04   7.907258e+05
6.250000e+04   7.683201e+05
6.300000e+04   7.459575e+05
6.350000e+04   7.237255e+05
6.400000e+04   7.016338e+05
6.450000e+04   6.795497e+05
6.500000e+04   6.575787e+05
6.550000e+04   6.355620e+05
6.600000e+04   6.136074e+05
6.650000e+04   5.918148e+05
6.700000e+04   9.951560e+05
6.750000e+04   5.554659e+05
6.800000e+04   5.267348e+05
6.850000e+04   5.051043e+05
6.900000e+04   5.174005e+05
6.950000e+04   5.357601e+05
7.000000e+04   4.229095e+05
7.050000e+04   4.029174e+05
7.100000e+04   3.827849e+05
7.150000e+04   3.626427e+05
7.200000e+04   3.425158e+05
7.250000e+04   3.222373e+05
7.300000e+04   3.019930e+05
7.350000e+04   2.816482e+05
7.400000e+04   2.611490e+05
7.450000e+04   2.406836e+05
7.500000e+04   2.200132e+05
7.550000e+04   1.992483e+05
7.600000e+04   1.784290e+05
7.650000e+04   1.573408e+05
7.700000e+04   1.362070e+05
7.750000e+04   1.149042e+05
7.800000e+04   9.344768e+04
7.850000e+04   7.206996e+04
7.900000e+04   5.038742e+04
7.950000e+04   2.799829e+04
8.000000e+04   0.000000e+00
8.050000e+04   -1.000000e+00
