# Generated by SpekPy Script for MC-GPU (NORMALIZED, 256 BINS)
# Spectrum normalized to 1 mAs (per mAs).
# Max Energy (Upper Edge): 129.50 keV.
# Energy [eV]      Num. photons/(mm^2*keV) [Normalized Fluence]
1.500000e+03   0.000000e+00
2.000000e+03   0.000000e+00
2.500000e+03   1.088646e-288
3.000000e+03   1.458849e-169
3.500000e+03   2.743231e-107
4.000000e+03   2.391163e-71
4.500000e+03   2.941169e-49
5.000000e+03   6.564273e-35
5.500000e+03   3.549994e-25
6.000000e+03   2.447975e-18
6.500000e+03   2.186213e-13
7.000000e+03   1.019772e-09
7.500000e+03   6.136463e-07
8.000000e+03   8.561754e-05
8.500000e+03   4.192529e-03
9.000000e+03   9.359926e-02
9.500000e+03   2.311453e-30
1.000000e+04   7.816756e-38
1.050000e+04   1.026528e-32
1.100000e+04   2.853517e-28
1.150000e+04   1.766055e-24
1.200000e+04   3.040889e-21
1.250000e+04   1.786659e-18
1.300000e+04   4.424037e-16
1.350000e+04   5.327681e-14
1.400000e+04   3.504023e-12
1.450000e+04   1.370830e-10
1.500000e+04   3.448534e-09
1.550000e+04   5.981326e-08
1.600000e+04   7.530342e-07
1.650000e+04   7.098732e-06
1.700000e+04   5.210956e-05
1.750000e+04   2.318582e-03
1.800000e+04   1.517419e-03
1.850000e+04   6.370837e-03
1.900000e+04   2.307663e-02
1.950000e+04   7.369698e-02
2.000000e+04   5.850027e-01
2.050000e+04   4.962650e-01
2.100000e+04   1.162180e+00
2.150000e+04   2.520184e+00
2.200000e+04   5.059676e+00
2.250000e+04   9.490678e+00
2.300000e+04   1.671857e+01
2.350000e+04   2.771581e+01
2.400000e+04   4.338469e+01
2.450000e+04   6.426359e+01
2.500000e+04   9.010125e+01
2.550000e+04   1.195343e+02
2.600000e+04   1.491268e+02
2.650000e+04   1.726104e+02
2.700000e+04   1.806390e+02
2.750000e+04   1.604796e+02
2.800000e+04   9.164465e+01
2.850000e+04   0.000000e+00
2.900000e+04   0.000000e+00
2.950000e+04   0.000000e+00
3.000000e+04   0.000000e+00
3.050000e+04   0.000000e+00
3.100000e+04   0.000000e+00
3.150000e+04   0.000000e+00
3.200000e+04   0.000000e+00
3.250000e+04   0.000000e+00
3.300000e+04   0.000000e+00
3.350000e+04   0.000000e+00
3.400000e+04   0.000000e+00
3.450000e+04   0.000000e+00
3.500000e+04   0.000000e+00
3.550000e+04   0.000000e+00
3.600000e+04   0.000000e+00
3.650000e+04   0.000000e+00
3.700000e+04   0.000000e+00
3.750000e+04   0.000000e+00
3.800000e+04   0.000000e+00
3.850000e+04   0.000000e+00
3.900000e+04   0.000000e+00
3.950000e+04   0.000000e+00
4.000000e+04   0.000000e+00
4.050000e+04   0.000000e+00
4.100000e+04   0.000000e+00
4.150000e+04   0.000000e+00
4.200000e+04   0.000000e+00
4.250000e+04   0.000000e+00
4.300000e+04   0.000000e+00
4.350000e+04   0.000000e+00
4.400000e+04   0.000000e+00
4.450000e+04   0.000000e+00
4.500000e+04   0.000000e+00
4.550000e+04   0.000000e+00
4.600000e+04   0.000000e+00
4.650000e+04   0.000000e+00
4.700000e+04   0.000000e+00
4.750000e+04   0.000000e+00
4.800000e+04   0.000000e+00
4.850000e+04   0.000000e+00
4.900000e+04   0.000000e+00
4.950000e+04   0.000000e+00
5.000000e+04   0.000000e+00
5.050000e+04   0.000000e+00
5.100000e+04   0.000000e+00
5.150000e+04   0.000000e+00
5.200000e+04   0.000000e+00
5.250000e+04   0.000000e+00
5.300000e+04   0.000000e+00
5.350000e+04   0.000000e+00
5.400000e+04   0.000000e+00
5.450000e+04   0.000000e+00
5.500000e+04   0.000000e+00
5.550000e+04   0.000000e+00
5.600000e+04   0.000000e+00
5.650000e+04   0.000000e+00
5.700000e+04   0.000000e+00
5.750000e+04   0.000000e+00
5.800000e+04   0.000000e+00
5.850000e+04   0.000000e+00
5.900000e+04   0.000000e+00
5.950000e+04   0.000000e+00
6.000000e+04   0.000000e+00
6.050000e+04   0.000000e+00
6.100000e+04   0.000000e+00
6.150000e+04   0.000000e+00
6.200000e+04   0.000000e+00
6.250000e+04   0.000000e+00
6.300000e+04   0.000000e+00
6.350000e+04   0.000000e+00
6.400000e+04   0.000000e+00
6.450000e+04   0.000000e+00
6.500000e+04   0.000000e+00
6.550000e+04   0.000000e+00
6.600000e+04   0.000000e+00
6.650000e+04   0.000000e+00
6.700000e+04   0.000000e+00
6.750000e+04   0.000000e+00
6.800000e+04   0.000000e+00
6.850000e+04   0.000000e+00
6.900000e+04   0.000000e+00
6.950000e+04   0.000000e+00
7.000000e+04   0.000000e+00
7.050000e+04   0.000000e+00
7.100000e+04   0.000000e+00
7.150000e+04   0.000000e+00
7.200000e+04   0.000000e+00
7.250000e+04   0.000000e+00
7.300000e+04   0.000000e+00
7.350000e+04   0.000000e+00
7.400000e+04   0.000000e+00
7.450000e+04   0.000000e+00
7.500000e+04   0.000000e+00
7.550000e+04   0.000000e+00
7.600000e+04   0.000000e+00
7.650000e+04   0.000000e+00
7.700000e+04   0.000000e+00
7.750000e+04   0.000000e+00
7.800000e+04   0.000000e+00
7.850000e+04   0.000000e+00
7.900000e+04   0.000000e+00
7.950000e+04   0.000000e+00
8.000000e+04   0.000000e+00
8.050000e+04   0.000000e+00
8.100000e+04   0.000000e+00
8.150000e+04   0.000000e+00
8.200000e+04   0.000000e+00
8.250000e+04   0.000000e+00
8.300000e+04   0.000000e+00
8.350000e+04   0.000000e+00
8.400000e+04   0.000000e+00
8.450000e+04   0.000000e+00
8.500000e+04   0.000000e+00
8.550000e+04   0.000000e+00
8.600000e+04   0.000000e+00
8.650000e+04   0.000000e+00
8.700000e+04   0.000000e+00
8.750000e+04   0.000000e+00
8.800000e+04   0.000000e+00
8.850000e+04   0.000000e+00
8.900000e+04   0.000000e+00
8.950000e+04   0.000000e+00
9.000000e+04   0.000000e+00
9.050000e+04   0.000000e+00
9.100000e+04   0.000000e+00
9.150000e+04   0.000000e+00
9.200000e+04   0.000000e+00
9.250000e+04   0.000000e+00
9.300000e+04   0.000000e+00
9.350000e+04   0.000000e+00
9.400000e+04   0.000000e+00
9.450000e+04   0.000000e+00
9.500000e+04   0.000000e+00
9.550000e+04   0.000000e+00
9.600000e+04   0.000000e+00
9.650000e+04   0.000000e+00
9.700000e+04   0.000000e+00
9.750000e+04   0.000000e+00
9.800000e+04   0.000000e+00
9.850000e+04   0.000000e+00
9.900000e+04   0.000000e+00
9.950000e+04   0.000000e+00
1.000000e+05   0.000000e+00
1.005000e+05   0.000000e+00
1.010000e+05   0.000000e+00
1.015000e+05   0.000000e+00
1.020000e+05   0.000000e+00
1.025000e+05   0.000000e+00
1.030000e+05   0.000000e+00
1.035000e+05   0.000000e+00
1.040000e+05   0.000000e+00
1.045000e+05   0.000000e+00
1.050000e+05   0.000000e+00
1.055000e+05   0.000000e+00
1.060000e+05   0.000000e+00
1.065000e+05   0.000000e+00
1.070000e+05   0.000000e+00
1.075000e+05   0.000000e+00
1.080000e+05   0.000000e+00
1.085000e+05   0.000000e+00
1.090000e+05   0.000000e+00
1.095000e+05   0.000000e+00
1.100000e+05   0.000000e+00
1.105000e+05   0.000000e+00
1.110000e+05   0.000000e+00
1.115000e+05   0.000000e+00
1.120000e+05   0.000000e+00
1.125000e+05   0.000000e+00
1.130000e+05   0.000000e+00
1.135000e+05   0.000000e+00
1.140000e+05   0.000000e+00
1.145000e+05   0.000000e+00
1.150000e+05   0.000000e+00
1.155000e+05   0.000000e+00
1.160000e+05   0.000000e+00
1.165000e+05   0.000000e+00
1.170000e+05   0.000000e+00
1.175000e+05   0.000000e+00
1.180000e+05   0.000000e+00
1.185000e+05   0.000000e+00
1.190000e+05   0.000000e+00
1.195000e+05   0.000000e+00
1.200000e+05   0.000000e+00
1.205000e+05   0.000000e+00
1.210000e+05   0.000000e+00
1.215000e+05   0.000000e+00
1.220000e+05   0.000000e+00
1.225000e+05   0.000000e+00
1.230000e+05   0.000000e+00
1.235000e+05   0.000000e+00
1.240000e+05   0.000000e+00
1.245000e+05   0.000000e+00
1.250000e+05   0.000000e+00
1.255000e+05   0.000000e+00
1.260000e+05   0.000000e+00
1.265000e+05   0.000000e+00
1.270000e+05   0.000000e+00
1.275000e+05   0.000000e+00
1.280000e+05   0.000000e+00
1.285000e+05   0.000000e+00
1.290000e+05   0.000000e+00
1.295000e+05   -1.000000e+00
