#[RAYLEIGH INTERACTIONS (RITA sampling  of atomic form factor from EPDL database)]
#[DATA VALUES TO SAMPLE SQUARED MOLECULAR FORM FACTOR (F^2)]
#    128
#[SAMPLING DATA FROM COMMON/CGRA/: X, P, A, B, ITL, ITU]
  0.0000000000E0  0.0000000000E0 -2.7519598237E-2  1.1857028231E-3    1    3
  1.3475707021E-3  5.3560386242E-3 -2.3689397253E-2  6.0053951651E-4    2    4
  2.6951414043E-3  1.0456671485E-2 -4.2026356180E-2  1.6644728975E-3    3    5
  5.3902828085E-3  2.0025912703E-2 -6.9393134387E-2  4.3859664026E-3    4    5
  1.0780565617E-2  3.7226637317E-2 -5.3929858504E-2  2.9316373446E-3    4    6
  1.6170848426E-2  5.2556245025E-2 -4.3549655549E-2  2.0749411862E-3    5    6
  2.1561131234E-2  6.6541703414E-2 -3.6198989595E-2  1.5050066522E-3    5    7
  2.6951414043E-2  7.9508937904E-2 -3.0848015155E-2  1.1085164275E-3    6    7
  3.2341696851E-2  9.1672333674E-2 -2.6875086844E-2  8.2626750776E-4    6    8
  3.7731979660E-2  1.0317933248E-1 -2.3875857429E-2  6.2223312411E-4    7    8
  4.3122262468E-2  1.1413503058E-1 -4.2182516763E-2  1.6635169127E-3    7    9
  5.3902828085E-2  1.3468251010E-1 -3.6057181170E-2  9.9216644670E-4    8   10
  6.4683393702E-2  1.5373782130E-1 -3.2129182969E-2  6.0832585185E-4    9   10
  7.5463959319E-2  1.7156306504E-1 -2.9474037895E-2  3.8161072450E-4    9   11
  8.6244524937E-2  1.8833441073E-1 -5.3626309194E-2  7.9466557031E-4   10   12
  1.0780565617E-1  2.1919247921E-1 -4.8885186012E-2  3.3518882502E-4   11   12
  1.2936678740E-1  2.4702337253E-1 -4.5747118636E-2  1.3616507864E-4   11   12
  1.5092791864E-1  2.7230378524E-1 -4.3393656425E-2  4.2993434710E-5   11   13
  1.7248904987E-1  2.9538834096E-1 -7.9608211068E-2 -6.8178342296E-5   12   13
  2.1561131234E-1  3.3603861963E-1 -7.3903775007E-2 -1.9057358171E-4   12   14
  2.5873357481E-1  3.7067569523E-1 -6.9276162659E-2 -2.3651000585E-4   13   14
  3.0185583728E-1  4.0051135581E-1 -6.5363659761E-2 -2.5704500416E-4   13   15
  3.4497809975E-1  4.2644518369E-1 -6.1986472443E-2 -2.6690171331E-4   14   15
  3.8810036221E-1  4.4916285030E-1 -5.9032581817E-2 -2.7121638350E-4   14   16
  4.3122262468E-1  4.6919754478E-1 -1.0665264700E-1 -1.0869644721E-3   15   16
  5.1746714962E-1  5.0282050536E-1 -9.8733954763E-2 -1.0655740441E-3   15   16
  6.0371167456E-1  5.2979758874E-1 -9.2231739465E-2 -1.0294253238E-3   15   16
  6.8995619949E-1  5.5179410583E-1 -8.6778835492E-2 -9.8648421496E-4   15   17
  7.7620072443E-1  5.6997000363E-1 -8.2124878039E-2 -9.4108704505E-4   16   17
  8.6244524937E-1  5.8515841427E-1 -7.8093589766E-2 -8.9563884902E-4   16   17
  9.4868977430E-1  5.9797306036E-1 -7.4557475257E-2 -8.5145362947E-4   16   17
  1.0349342992E0  6.0887571422E-1 -7.1422135320E-2 -8.0921563284E-4   16   18
  1.1211788242E0  6.1822012642E-1 -6.8616215079E-2 -7.6924286987E-4   17   18
  1.2074233491E0  6.2628152175E-1 -6.6084778518E-2 -7.3164076527E-4   17   18
  1.2936678740E0  6.3327693207E-1 -3.2974870565E-2 -1.7619896277E-4   17   19
  1.3367901365E0  6.3643042075E-1 -1.6471078072E-2 -4.3244767905E-5   18   19
  1.3583512678E0  6.3792945455E-1 -1.0552437975E-2  3.0904025623E-3   18   19
  1.3691318334E0  6.3866106149E-1 -1.3448281504E-3 -3.0031631715E-7   18   20
  1.3799123990E0  6.3938848041E-1 -7.9137154989E-2 -1.1785518359E-3   19   20
  2.0698685985E0  6.8214660318E-1 -7.6114704121E-2 -1.0845294157E-3   19   20
  2.7598247980E0  7.1839207928E-1 -7.3314039719E-2 -1.0013213696E-3   19   20
  3.4497809975E0  7.4932023778E-1 -7.0711667029E-2 -9.2733064953E-4   19   20
  4.1397371970E0  7.7587236726E-1 -6.8287289301E-2 -8.6124451665E-4   19   21
  4.8296933964E0  7.9879656180E-1 -6.6023282820E-2 -8.0197589246E-4   20   21
  5.5196495959E0  8.1869246112E-1 -6.3904271808E-2 -7.4861835627E-4   20   21
  6.2096057954E0  8.3604452765E-1 -6.1916781783E-2 -7.0041127647E-4   20   21
  6.8995619949E0  8.5124706214E-1 -6.0048955008E-2 -6.5671254900E-4   20   21
  7.5895181944E0  8.6462319594E-1 -5.8290315467E-2 -6.1697710343E-4   20   22
  8.2794743939E0  8.7643944405E-1 -1.0688317288E-1 -2.2576268054E-3   21   22
  9.6593867929E0  8.9624026550E-1 -1.0145095807E-1 -2.0137819539E-3   21   22
  1.1039299192E1  9.1201929477E-1 -9.6541676643E-2 -1.8073982370E-3   21   23
  1.2419211591E1  9.2474882551E-1 -9.2083606039E-2 -1.6311768870E-3   22   23
  1.3799123990E1  9.3513203194E-1 -8.8017508296E-2 -1.4795141593E-3   22   23
  1.5179036389E1  9.4368604524E-1 -8.4294039637E-2 -1.3480499079E-3   22   23
  1.6558948788E1  9.5079695959E-1 -8.0871776097E-2 -1.2333504694E-3   22   24
  1.7938861187E1  9.5675700490E-1 -7.7715691691E-2 -1.1326820475E-3   23   24
  1.9318773586E1  9.6179013692E-1 -1.3847175746E-1 -4.0207957959E-3   23   24
  2.2078598384E1  9.6973242622E-1 -1.2951286645E-1 -3.4560168286E-3   23   25
