#[RAYLEIGH INTERACTIONS FOR Al]
#[DATA VALUES TO SAMPLE SQUARED MOLECULAR FORM FACTOR (F^2)]
   128
#[SAMPLING DATA FROM COMMON/CGRA/: X, P, A, B, ITL, ITU]
 0.0000000000E+00 0.0000000000E+00 -4.9989788657E-01 1.3000000000E-03    1    3
 7.4400148800E-04 2.0422684180E-04 -4.9969365976E-01 1.3000000000E-03    2    4
 2.9760059520E-03 8.1690672330E-04 -4.9948943394E-01 1.3000000000E-03    3    5
 6.6960133920E-03 1.8380344932E-03 -4.9928521361E-01 1.3000000000E-03    4    6
 1.1904023808E-02 3.2675908349E-03 -4.9908101006E-01 1.3000000000E-03    5    7
 1.8600037200E-02 5.1055261733E-03 -4.9887684452E-01 1.3000000000E-03    6    8
 2.6784053568E-02 7.3517381576E-03 -4.9867275141E-01 1.3000000000E-03    7    9
 3.6456072912E-02 1.0006042745E-02 -4.9846878154E-01 1.3000000000E-03    8   10
 4.7616095232E-02 1.3068138941E-02 -4.9826500523E-01 1.3000000000E-03    9   11
 6.0264120528E-02 1.6537567278E-02 -4.9806151542E-01 1.3000000000E-03   10   12
 7.4400148800E-02 2.0413662197E-02 -4.9785843067E-01 1.3000000000E-03   11   13
 9.0024180048E-02 2.4695498541E-02 -4.9765589803E-01 1.3000000000E-03   12   14
 1.0713621427E-01 2.9381832487E-02 -4.9745409568E-01 1.3000000000E-03   13   15
 1.2573625147E-01 3.4471037367E-02 -4.9725323539E-01 1.3000000000E-03   14   16
 1.4582429165E-01 3.9961034951E-02 -4.9705356458E-01 1.3000000000E-03   15   17
 1.6740033480E-01 4.5849222962E-02 -4.9685536792E-01 1.3000000000E-03   16   18
 1.9046438093E-01 5.2132399770E-02 -4.9665896851E-01 1.3000000000E-03   17   19
 2.1501643003E-01 5.8806687424E-02 -4.9646472831E-01 1.3000000000E-03   18   20
 2.4105648211E-01 6.5867454425E-02 -4.9627304782E-01 1.3000000000E-03   19   21
 2.6858453717E-01 7.3309239863E-02 -4.9608436495E-01 1.3000000000E-03   20   22
 2.9760059520E-01 8.1125680777E-02 -4.9589915281E-01 1.3000000000E-03   21   23
 3.2810465621E-01 8.9309444851E-02 -4.9571791644E-01 1.3000000000E-03   22   24
 3.6009672019E-01 9.7852170701E-02 -4.9554118830E-01 1.3000000000E-03   23   25
 3.9357678715E-01 1.0674441822E-01 -4.9536952259E-01 1.3000000000E-03   24   26
 4.2854485709E-01 1.1597563146E-01 -4.9520348817E-01 1.3000000000E-03   25   27
 4.6500093000E-01 1.2553411667E-01 -4.9504366036E-01 1.3000000000E-03   26   28
 5.0294500589E-01 1.3540703778E-01 -4.9489061141E-01 1.3000000000E-03   27   29
 5.4237708475E-01 1.4558043175E-01 -4.9474490008E-01 1.3000000000E-03   28   30
 5.8329716659E-01 1.5603924546E-01 -4.9460706026E-01 1.3000000000E-03   29   31
 6.2570525141E-01 1.6676739567E-01 -4.9447758916E-01 1.3000000000E-03   30   32
 6.6960133920E-01 1.7774785281E-01 -4.9435693517E-01 1.3000000000E-03   31   33
 7.1498542997E-01 1.8896274859E-01 -4.9424548606E-01 1.3000000000E-03   32   34
 7.6185752372E-01 2.0039350657E-01 -4.9414355774E-01 1.3000000000E-03   33   35
 8.1021762044E-01 2.1202099397E-01 -4.9405138423E-01 1.3000000000E-03   34   36
 8.6006572013E-01 2.2382569204E-01 -4.9396910927E-01 1.3000000000E-03   35   37
 9.1140182280E-01 2.3578788111E-01 -4.9389677997E-01 1.3000000000E-03   36   38
 9.6422592845E-01 2.4788783599E-01 -4.9383434304E-01 1.3000000000E-03   37   39
 1.0185380371E+00 2.6010602634E-01 -4.9378164378E-01 1.3000000000E-03   38   40
 1.0743381487E+00 2.7242331617E-01 -4.9373842816E-01 1.3000000000E-03   39   41
 1.1316262633E+00 2.8482115656E-01 -4.9370434785E-01 1.3000000000E-03   40   42
 1.1904023808E+00 2.9728176549E-01 -4.9367896837E-01 1.3000000000E-03   41   43
 1.2506665013E+00 3.0978828907E-01 -4.9366177985E-01 1.3000000000E-03   42   44
 1.3124186248E+00 3.2232493934E-01 -4.9365221012E-01 1.3000000000E-03   43   45
 1.3756587513E+00 3.3487710438E-01 -4.9364963955E-01 1.3000000000E-03   44   46
 1.4403868808E+00 3.4743142796E-01 -4.9365341703E-01 1.3000000000E-03   45   47
 1.5066030132E+00 3.5997585723E-01 -4.9366287626E-01 1.3000000000E-03   46   48
 1.5743071486E+00 3.7249965822E-01 -4.9367735182E-01 1.3000000000E-03   47   49
 1.6434992870E+00 3.8499340047E-01 -4.9369619422E-01 1.3000000000E-03   48   50
 1.7141794284E+00 3.9744891334E-01 -4.9371878329E-01 1.3000000000E-03   49   51
 1.7863475727E+00 4.0985921746E-01 -4.9374453964E-01 1.3000000000E-03   50   52
 1.8600037200E+00 4.2221843592E-01 -4.9377293365E-01 1.3000000000E-03   51   53
 1.9351478703E+00 4.3452168970E-01 -4.9380349203E-01 1.3000000000E-03   52   54
 2.0117800236E+00 4.4676498256E-01 -4.9383580182E-01 1.3000000000E-03   53   55
 2.0899001798E+00 4.5894507997E-01 -4.9386951221E-01 1.3000000000E-03   54   56
 2.1695083390E+00 4.7105938643E-01 -4.9390433426E-01 1.3000000000E-03   55   57
 2.2506045012E+00 4.8310582460E-01 -4.9394003909E-01 1.3000000000E-03   56   58
 2.3331886664E+00 4.9508271918E-01 -4.9397645491E-01 1.3000000000E-03   57   59
 2.4172608345E+00 5.0698868726E-01 -4.9401346333E-01 1.3000000000E-03   58   60
 2.5028210056E+00 5.1882253621E-01 -4.9405099532E-01 1.3000000000E-03   59   61
 2.5898691797E+00 5.3058316969E-01 -4.9408902712E-01 1.3000000000E-03   60   62
 2.6784053568E+00 5.4226950140E-01 -4.9412757631E-01 1.3000000000E-03   61   63
 2.7684295369E+00 5.5388037650E-01 -4.9416669816E-01 1.3000000000E-03   62   64
 2.8599417199E+00 5.6541449996E-01 -4.9420648210E-01 1.3000000000E-03   63   65
 2.9529419059E+00 5.7687037182E-01 -4.9424704839E-01 1.3000000000E-03   64   66
 3.0474300949E+00 5.8824622904E-01 -4.9428854470E-01 1.3000000000E-03   65   67
 3.1434062868E+00 5.9953999439E-01 -4.9433114250E-01 1.3000000000E-03   66   68
 3.2408704817E+00 6.1074923288E-01 -4.9437503304E-01 1.3000000000E-03   67   69
 3.3398226796E+00 6.2187111656E-01 -4.9442042288E-01 1.3000000000E-03   68   70
 3.4402628805E+00 6.3290239879E-01 -4.9446752889E-01 1.3000000000E-03   69   71
 3.5421910844E+00 6.4383939895E-01 -4.9451657272E-01 1.3000000000E-03   70   72
 3.6456072912E+00 6.5467799839E-01 -4.9456777500E-01 1.3000000000E-03   71   73
 3.7505115010E+00 6.6541364832E-01 -4.9462134918E-01 1.3000000000E-03   72   74
 3.8569037138E+00 6.7604138973E-01 -4.9467749555E-01 1.3000000000E-03   73   75
 3.9647839296E+00 6.8655588511E-01 -4.9473639540E-01 1.3000000000E-03   74   76
 4.0741521483E+00 6.9695146121E-01 -4.9479820577E-01 1.3000000000E-03   75   77
 4.1850083700E+00 7.0722216157E-01 -4.9486305487E-01 1.3000000000E-03   76   78
 4.2973525947E+00 7.1736180734E-01 -4.9493103842E-01 1.3000000000E-03   77   79
 4.4111848224E+00 7.2736406439E-01 -4.9500221700E-01 1.3000000000E-03   78   80
 4.5265050530E+00 7.3722251469E-01 -4.9507661441E-01 1.3000000000E-03   79   81
 4.6433132866E+00 7.4693072991E-01 -4.9515421713E-01 1.3000000000E-03   80   82
 4.7616095232E+00 7.5648234516E-01 -4.9523497476E-01 1.3000000000E-03   81   83
 4.8813937628E+00 7.6587113104E-01 -4.9531880135E-01 1.3000000000E-03   82   84
 5.0026660053E+00 7.7509106226E-01 -4.9540557747E-01 1.3000000000E-03   83   85
 5.1254262509E+00 7.8413638164E-01 -4.9549515288E-01 1.3000000000E-03   84   86
 5.2496744993E+00 7.9300165840E-01 -4.9558734965E-01 1.3000000000E-03   85   87
 5.3754107508E+00 8.0168183983E-01 -4.9568196559E-01 1.3000000000E-03   86   88
 5.5026350053E+00 8.1017229622E-01 -4.9577877776E-01 1.3000000000E-03   87   89
 5.6313472627E+00 8.1846885860E-01 -4.9587754611E-01 1.3000000000E-03   88   90
 5.7615475231E+00 8.2656784932E-01 -4.9597801703E-01 1.3000000000E-03   89   91
 5.8932357865E+00 8.3446610587E-01 -4.9607992671E-01 1.3000000000E-03   90   92
 6.0264120528E+00 8.4216099799E-01 -4.9618300442E-01 1.3000000000E-03   91   93
 6.1610763222E+00 8.4965043858E-01 -4.9628697549E-01 1.3000000000E-03   92   94
 6.2972285945E+00 8.5693288884E-01 -4.9639156413E-01 1.3000000000E-03   93   95
 6.4348688697E+00 8.6400735810E-01 -4.9649649597E-01 1.3000000000E-03   94   96
 6.5739971480E+00 8.7087339877E-01 -4.9660150040E-01 1.3000000000E-03   95   97
 6.7146134292E+00 8.7753109686E-01 -4.9670631264E-01 1.3000000000E-03   96   98
 6.8567177134E+00 8.8398105856E-01 -4.9681067568E-01 1.3000000000E-03   97   99
 7.0003100006E+00 8.9022439318E-01 -4.9691434192E-01 1.3000000000E-03   98  100
 7.1453902908E+00 8.9626269304E-01 -4.9701707471E-01 1.3000000000E-03   99  101
 7.2919585839E+00 9.0209801047E-01 -4.9711864957E-01 1.3000000000E-03  100  102
 7.4400148800E+00 9.0773283245E-01 -4.9721885537E-01 1.3000000000E-03  101  103
 7.5895591791E+00 9.1317005323E-01 -4.9731749523E-01 1.3000000000E-03  102  104
 7.7405914812E+00 9.1841294521E-01 -4.9741438730E-01 1.3000000000E-03  103  105
 7.8931117862E+00 9.2346512847E-01 -4.9750936533E-01 1.3000000000E-03  104  106
 8.0471200942E+00 9.2833053936E-01 -4.9760227908E-01 1.3000000000E-03  105  107
 8.2026164052E+00 9.3301339833E-01 -4.9769299459E-01 1.3000000000E-03  106  108
 8.3596007192E+00 9.3751817750E-01 -4.9778139426E-01 1.3000000000E-03  107  109
 8.5180730361E+00 9.4184956807E-01 -4.9786737681E-01 1.3000000000E-03  108  110
 8.6780333561E+00 9.4601244810E-01 -4.9795085705E-01 1.3000000000E-03  109  111
 8.8394816790E+00 9.5001185072E-01 -4.9803176558E-01 1.3000000000E-03  110  112
 9.0024180048E+00 9.5385293320E-01 -4.9811004830E-01 1.3000000000E-03  111  113
 9.1668423337E+00 9.5754094701E-01 -4.9818566584E-01 1.3000000000E-03  112  114
 9.3327546655E+00 9.6108120907E-01 -4.9825859293E-01 1.3000000000E-03  113  115
 9.5001550003E+00 9.6447907447E-01 -4.9832881760E-01 1.3000000000E-03  114  116
 9.6690433381E+00 9.6773991070E-01 -4.9839634040E-01 1.3000000000E-03  115  117
 9.8394196788E+00 9.7086907365E-01 -4.9846117348E-01 1.3000000000E-03  116  118
 1.0011284023E+01 9.7387188527E-01 -4.9852333970E-01 1.3000000000E-03  117  119
 1.0184636369E+01 9.7675361324E-01 -4.9858287166E-01 1.3000000000E-03  118  120
 1.0359476719E+01 9.7951945244E-01 -4.9863981076E-01 1.3000000000E-03  119  121
 1.0535805072E+01 9.8217450834E-01 -4.9869420620E-01 1.3000000000E-03  120  122
 1.0713621427E+01 9.8472378239E-01 -4.9874611406E-01 1.3000000000E-03  121  123
 1.0892925786E+01 9.8717215919E-01 -4.9879559635E-01 1.3000000000E-03  122  124
 1.1073718147E+01 9.8952439559E-01 -4.9884272007E-01 1.3000000000E-03  123  125
 1.1255998512E+01 9.9178511148E-01 -4.9888755640E-01 1.3000000000E-03  124  126
 1.1439766880E+01 9.9395878234E-01 -4.9893017981E-01 1.3000000000E-03  125  127
 1.1625023250E+01 9.9604973334E-01 -4.9897066734E-01 1.3000000000E-03  126  128
 1.1811767624E+01 9.9806213496E-01 -4.9900909782E-01 1.3000000000E-03  127  128
 1.2000000000E+01 1.0000000000E+00 0.0000000000E+00 0.0000000000E+00  128  128
