#[RAYLEIGH SAMPLING DATA: BALANCED G4 PENELOPE]
    128
#[ X | P | A | B | ITL | ITU ]
 4.2466658335E-16 0.0000000000E+00 0.0000000000E+00 0.0000000000E+00    1   13
 4.2466658335E-10 1.6955593972E-09 -2.4606294366E-04 -6.0606635044E-08   12   15
 9.5549981255E-06 3.8140735358E-05 -3.9985830350E-04 -1.6014287785E-07   14   17
 2.6541661460E-05 1.0590267679E-04 -7.8419758376E-04 -6.1690208497E-07   16   19
 6.7946653337E-05 2.7087673593E-04 -1.4680854763E-03 -2.1680204241E-06   18   20
 1.5287997001E-04 6.0852211078E-04 -2.2450632780E-03 -5.0860608400E-06   19   20
 2.7178661335E-04 1.0794675309E-03 -2.7565764001E-03 -7.6836124221E-06   19   21
 4.2466658335E-04 1.6819332561E-03 -3.4784709817E-03 -1.2270948654E-05   20   21
 6.1151988003E-04 2.4136758846E-03 -3.9829461681E-03 -1.6121483895E-05   20   22
 8.3234650337E-04 3.2719870792E-03 -4.5771584336E-03 -2.1342497808E-05   21   23
 1.0871464534E-03 4.2538338534E-03 -1.0433137939E-02 -1.1363122437E-04   22   23
 1.6986663334E-03 6.5746420621E-03 -1.2181022973E-02 -1.5605396701E-04   22   24
 2.4460795201E-03 9.3463285369E-03 -1.3887599369E-02 -2.0434196026E-04   23   24
 3.3293860135E-03 1.2535458139E-02 -1.5280358685E-02 -2.4888756146E-04   23   25
 4.3485858135E-03 1.6106299654E-02 -1.6138799592E-02 -2.7868437213E-04   24   25
 5.5036789203E-03 2.0024023135E-02 -1.7089095653E-02 -3.1378153762E-04   24   25
 6.7946653337E-03 2.4254640360E-02 -2.1702127064E-02 -5.1663100912E-04   24   25
 8.5994983129E-03 2.9935316323E-02 -2.2182635534E-02 -5.4094558022E-04   24   25
 1.0616664584E-02 3.5999041440E-02 -4.2222618609E-02 -2.1618942231E-03   24   26
 1.5287997001E-02 4.9106072060E-02 -4.0881196577E-02 -2.0125198141E-03   25   26
 2.0808662584E-02 6.3243175732E-02 -3.8382812285E-02 -1.7513247746E-03   25   26
 2.7178661335E-02 7.8198847175E-02 -3.5566648516E-02 -1.4824883736E-03   25   26
 3.4397993252E-02 9.3838183736E-02 -3.2980068546E-02 -1.2584512545E-03   25   27
 4.2466658335E-02 1.1006949671E-01 -5.6474034676E-02 -4.1879835155E-03   26   27
 6.1151988003E-02 1.4412586197E-01 -5.3112684515E-02 -3.6321992918E-03   26   27
 8.3234650337E-02 1.7963866846E-01 -2.7929984440E-02 -8.8081628314E-04   26   28
 9.5549981255E-02 1.9771615623E-01 -5.3463830190E-02 -3.6878476389E-03   27   28
 1.2272864259E-01 2.3421535775E-01 -5.5957552695E-02 -4.0991771487E-03   27   28
 1.5330463659E-01 2.7047142514E-01 -5.8977569166E-02 -4.6366943027E-03   27   28
 1.8727796326E-01 3.0578307482E-01 -6.1726103609E-02 -5.1655606427E-03   27   29
 2.2464862259E-01 3.3956532040E-01 -6.4002824192E-02 -5.6339366623E-03   28   29
 2.6541661460E-01 3.7139440045E-01 -6.5863724165E-02 -6.0382044204E-03   28   29
 3.0958193926E-01 4.0100128322E-01 -6.6967428243E-02 -6.2874499350E-03   28   29
 3.5714459660E-01 4.2826073221E-01 -6.7648505618E-02 -6.4448738480E-03   28   29
 4.0810458660E-01 4.5316568588E-01 -9.2185784307E-02 -1.4455444335E-02   28   30
 4.9091457036E-01 4.8642721466E-01 -1.0928050020E-01 -2.4385797928E-02   29   30
 6.1321854636E-01 5.2390537122E-01 -1.0497763747E-01 -2.1356332510E-02   29   30
 7.4911185304E-01 5.5467362310E-01 -9.8675877802E-02 -1.7626001154E-02   29   30
 8.9859449038E-01 5.8025757340E-01 -9.0803855864E-02 -1.3852422629E-02   29   31
 1.0616664584E+00 6.0195767127E-01 -9.5177376728E-02 -1.5843602227E-02   30   31
 1.2846164146E+00 6.2524911092E-01 -8.2395565882E-02 -1.0632438780E-02   30   31
 1.5287997001E+00 6.4549623827E-01 -6.8939343870E-02 -6.7509987980E-03   30   31
 1.7942163147E+00 6.6375173781E-01 -5.7889756278E-02 -4.4379600537E-03   30   31
 2.0808662584E+00 6.8072494753E-01 -4.9576857124E-02 -3.1018488247E-03   30   32
 2.3887495314E+00 6.9684711664E-01 -7.5913610834E-02 -8.5940823596E-03   31   32
 3.0682160647E+00 7.2760896424E-01 -9.5266917264E-02 -1.5886995971E-02   31   32
 4.2466658335E+00 7.7065372211E-01 -7.0637746727E-02 -7.1697161140E-03   31   32
 5.1384656586E+00 7.9693698890E-01 -6.8240670985E-02 -6.5840329519E-03   31   33
 6.1151988003E+00 8.2132244355E-01 -6.5484344456E-02 -5.9541777839E-03   32   33
 7.1768652587E+00 8.4394427087E-01 -7.0889566235E-02 -7.2333809540E-03   32   33
 8.3234650337E+00 8.6473438662E-01 -4.4402457958E-02 -2.4187167129E-03   32   34
 8.9286149150E+00 8.7430688470E-01 -8.7484122206E-02 -1.2493788276E-02   33   34
 1.0202614665E+01 8.9155374580E-01 -8.6369455019E-02 -1.2064253325E-02   33   34
 1.1561547732E+01 9.0629713248E-01 -7.3553848293E-02 -7.9329647209E-03   33   34
 1.3005414115E+01 9.1911456887E-01 -6.4442066437E-02 -5.7275853797E-03   33   35
 1.4534213815E+01 9.3061415519E-01 -7.1027756910E-02 -7.2684948426E-03   34   35
 1.6147946832E+01 9.4095790534E-01 -1.1291116652E-01 -2.7338239739E-02   34   35
 1.8727796326E+01 9.5396736609E-01 -1.3239751004E-01 -6.0972181167E-02   34   36
 2.2464862259E+01 9.6668860041E-01 -1.2953831766E-01 -5.1051183236E-02   35   36
 2.6541661460E+01 9.7533409566E-01 -1.2339400679E-01 -3.9141713742E-02   35   36
 3.0958193926E+01 9.8144908824E-01 -1.2317377181E-01 -3.8817006313E-02   35   36
 3.5714459660E+01 9.8589663915E-01 -1.2567039949E-01 -4.2813896159E-02   35   37
 4.0810458660E+01 9.8909306294E-01 -1.1924924414E-01 -3.3707015166E-02   36   37
 4.6246190927E+01 9.9139589657E-01 -9.7153413418E-02 -1.6827845332E-02   36   37
 5.2021656461E+01 9.9317230482E-01 -7.9199637102E-02 -9.5845417540E-03   36   37
 5.8136855261E+01 9.9466572872E-01 -9.0531545965E-02 -1.3736286547E-02   36   37
 6.4591787328E+01 9.9594017320E-01 -1.1224609163E-01 -2.6765889632E-02   36   38
 7.1386452662E+01 9.9696075450E-01 -1.3335312187E-01 -8.8702853475E-02   37   38
 8.2215450537E+01 9.9802181910E-01 -1.0813039743E-01 -1.6562853517E-01   37   38
 9.7843180805E+01 9.9881645696E-01 -1.2819204086E-01 -1.1462040187E-01   37   38
 1.1482984414E+02 9.9922393624E-01 -1.3396657770E-01 -7.6113370444E-02   37   39
 1.3317544054E+02 9.9946008676E-01 -1.3105598736E-01 -5.5576122024E-02   38   39
 1.5287997001E+02 9.9961152490E-01 -1.1410944667E-01 -1.5277808082E-01   38   39
 1.9348871204E+02 9.9978782673E-01 -1.3160223080E-01 -5.7549907865E-02   38   40
 2.2321537288E+02 9.9985437667E-01 -1.3132632396E-01 -5.6522875992E-02   39   40
 2.5506536663E+02 9.9989877699E-01 -1.3078584919E-01 -5.4680850205E-02   39   40
 2.8903869330E+02 9.9992843087E-01 -8.8591499798E-02 -1.2933452033E-02   39   41
 3.0682160647E+02 9.9993920147E-01 -9.0793443682E-02 -1.9842744244E-01   40   41
 3.8326159148E+02 9.9996839035E-01 -1.1044238969E-01 -1.6079019411E-01   40   41
 4.6819490815E+02 9.9998240838E-01 -1.2308888965E-01 -1.3052169362E-01   40   42
 5.6162155649E+02 9.9998963409E-01 -1.2987342719E-01 -1.0821157855E-01   41   42
 6.6354153649E+02 9.9999359926E-01 -1.3305495318E-01 -9.1270480909E-02   41   43
 7.7395484816E+02 9.9999589006E-01 -1.3397184111E-01 -7.8080266827E-02   42   43
 8.9286149150E+02 9.9999727177E-01 -1.3344496903E-01 -6.7605928266E-02   42   43
 1.0202614665E+03 9.9999813623E-01 -1.3199783369E-01 -5.9152415339E-02   42   44
 1.1561547732E+03 9.9999869438E-01 -1.2997054955E-01 -5.2228262277E-02   43   44
 1.3005414115E+03 9.9999906475E-01 -1.2758705650E-01 -4.6482909352E-02   43   45
 1.4534213815E+03 9.9999931648E-01 -1.2499694458E-01 -4.1661571322E-02   44   45
 1.6147946832E+03 9.9999949125E-01 -1.3377067244E-01 -8.3751168190E-02   44   46
 1.8727796326E+03 9.9999966615E-01 -1.2389124870E-01 -1.2825211307E-01   45   46
 2.2464862259E+03 9.9999980295E-01 -1.3005889229E-01 -1.0744310642E-01   45   46
 2.6541661460E+03 9.9999987837E-01 -1.3303911261E-01 -9.1395245477E-02   45   46
 3.0958193926E+03 9.9999992201E-01 -1.3396617780E-01 -7.8629143761E-02   45   47
 3.5714459660E+03 9.9999994830E-01 -1.3352015840E-01 -6.8300111182E-02   46   47
 4.0810458660E+03 9.9999996471E-01 -1.3215304472E-01 -5.9831658302E-02   46   47
 4.6246190927E+03 9.9999997528E-01 -1.3017043653E-01 -5.2799037377E-02   46   47
 5.2021656461E+03 9.9999998228E-01 -1.2778374843E-01 -4.6898764383E-02   46   47
 5.8136855261E+03 9.9999998702E-01 -1.2514160163E-01 -4.1903874136E-02   46   48
 6.4591787328E+03 9.9999999031E-01 -1.2234790047E-01 -3.7640178507E-02   47   48
 7.1386452662E+03 9.9999999264E-01 -1.1947917256E-01 -3.3976330024E-02   47   48
 7.8520851262E+03 9.9999999431E-01 -9.6138353731E-02 -1.8883370299E-01   47   48
 9.7843180805E+03 9.9999999696E-01 -1.0947863996E-01 -2.4536269337E-02   47   49
 1.0616664584E+04 9.9999999756E-01 -1.3337593729E-01 -8.8482595676E-02   48   49
 1.2383277571E+04 9.9999999839E-01 -1.3395458862E-01 -7.5410959888E-02   48   49
 1.4285783864E+04 9.9999999889E-01 -9.1515683647E-02 -1.9715211404E-01   48   50
 1.7942163147E+04 9.9999999940E-01 -1.0186919438E-01 -1.7808443807E-01   49   50
 2.2321537288E+04 9.9999999966E-01 -1.3288097027E-01 -6.3571769202E-02   49   50
 2.5506536663E+04 9.9999999975E-01 -1.3098704479E-01 -5.5356423168E-02   49   51
 2.8903869330E+04 9.9999999982E-01 -1.2855620174E-01 -4.8619821930E-02   50   51
 3.2513535288E+04 9.9999999986E-01 -1.3241823285E-01 -9.5715727513E-02   50   52
 3.8326159148E+04 9.9999999990E-01 9.7615344383E-01 -1.4095304402E+00   51   52
 6.6354153649E+04 9.9999999997E-01 1.9153613066E+00 -2.3714976228E+00   51   53
 1.3005414115E+05 1.0000000000E+00 6.2453177043E-01 -1.0411485331E+00   52   53
 2.1498745782E+05 1.0000000000E+00 2.1044571727E-01 -5.8893760243E-01   52   54
 3.2115410366E+05 1.0000000000E+00 4.8149268295E-01 -8.8851420352E-01   53   54
 5.2021656461E+05 1.0000000000E+00 5.4927628127E-01 -9.6002478009E-01   53   55
 8.5994983129E+05 1.0000000000E+00 1.8650754191E-01 -5.5653380092E-01   54   56
 1.2846164146E+06 1.0000000000E+00 4.1117896554E-01 -8.1350843934E-01   55   56
 2.0808662584E+06 1.0000000000E+00 3.6177496064E-01 -7.8341967750E-01   55   57
 3.4397993252E+06 1.0000000000E+00 5.8094694479E+00 -6.3018800238E+00   56   58
 9.5549981255E+06 1.0000000000E+00 2.8151040367E+02 -2.8199252905E+02   57   58
 8.5994983129E+07 1.0000000000E+00 -2.0000000000E+00 1.0000000000E+00   57   59
 4.2466658335E+08 1.0000000000E+00 -1.0000000000E+00 0.0000000000E+00   58   60
 4.2466658335E+10 1.0000000000E+00 0.0000000000E+00 0.0000000000E+00   59   61
 4.2466658335E+12 1.0000000000E+00 0.0000000000E+00 0.0000000000E+00   60   62
 4.2466658335E+14 1.0000000000E+00 0.0000000000E+00 0.0000000000E+00   61   65
 4.2466658335E+16 1.0000000000E+00 0.0000000000E+00 0.0000000000E+00   64  122
 4.2466658335E+18 1.0000000000E+00 0.0000000000E+00 0.0000000000E+00  128  128
