#[RAYLEIGH INTERACTIONS (RITA sampling  of atomic form factor from EPDL database)]
#[DATA VALUES TO SAMPLE SQUARED MOLECULAR FORM FACTOR (F^2)]
#    128
#[SAMPLING DATA FROM COMMON/CGRA/: X, P, A, B, ITL, ITU]
  0.0000000000E0  0.0000000000E0 -2.7519598237E-2  1.1857028231E-3    1    3
  1.3475707021E-3  5.3560386242E-3 -2.3689397253E-2  6.0053951651E-4    2    4
  2.6951414043E-3  1.0456671485E-2 -4.2026356180E-2  1.6644728975E-3    3    5
  5.3902828085E-3  2.0025912703E-2 -6.9393134387E-2  4.3859664026E-3    4    5
  1.0780565617E-2  3.7226637317E-2 -5.3929858504E-2  2.9316373446E-3    4    6
  1.6170848426E-2  5.2556245025E-2 -4.3549655549E-2  2.0749411862E-3    5    6
  2.1561131234E-2  6.6541703414E-2 -3.6198989595E-2  1.5050066522E-3    5    7
  2.6951414043E-2  7.9508937904E-2 -3.0848015155E-2  1.1085164275E-3    6    7
  3.2341696851E-2  9.1672333674E-2 -2.6875086844E-2  8.2626750776E-4    6    8
  3.7731979660E-2  1.0317933248E-1 -2.3875857429E-2  6.2223312411E-4    7    8
  4.3122262468E-2  1.1413503058E-1 -4.2182516763E-2  1.6635169127E-3    7    9
  5.3902828085E-2  1.3468251010E-1 -3.6057181170E-2  9.9216644670E-4    8   10
  6.4683393702E-2  1.5373782130E-1 -3.2129182969E-2  6.0832585185E-4    9   10
  7.5463959319E-2  1.7156306504E-1 -2.9474037895E-2  3.8161072450E-4    9   11
  8.6244524937E-2  1.8833441073E-1 -5.3626309194E-2  7.9466557031E-4   10   12
  1.0780565617E-1  2.1919247921E-1 -4.8885186012E-2  3.3518882502E-4   11   12
  1.2936678740E-1  2.4702337253E-1 -4.5747118636E-2  1.3616507864E-4   11   12
  1.5092791864E-1  2.7230378524E-1 -4.3393656425E-2  4.2993434710E-5   11   13
  1.7248904987E-1  2.9538834096E-1 -7.9608211068E-2 -6.8178342296E-5   12   13
  2.1561131234E-1  3.3603861963E-1 -7.3903775007E-2 -1.9057358171E-4   12   14
  2.5873357481E-1  3.7067569523E-1 -6.9276162659E-2 -2.3651000585E-4   13   14
  3.0185583728E-1  4.0051135581E-1 -6.5363659761E-2 -2.5704500416E-4   13   15
  3.4497809975E-1  4.2644518369E-1 -6.1986472443E-2 -2.6690171331E-4   14   15
  3.8810036221E-1  4.4916285030E-1 -5.9032581817E-2 -2.7121638350E-4   14   16
  4.3122262468E-1  4.6919754478E-1 -1.0665264700E-1 -1.0869644721E-3   15   16
  5.1746714962E-1  5.0282050536E-1 -9.8733954763E-2 -1.0655740441E-3   15   16
  6.0371167456E-1  5.2979758874E-1 -9.2231739465E-2 -1.0294253238E-3   15   16
  6.8995619949E-1  5.5179410583E-1 -8.6778835492E-2 -9.8648421496E-4   15   17
  7.7620072443E-1  5.6997000363E-1 -8.2124878039E-2 -9.4108704505E-4   16   17
  8.6244524937E-1  5.8515841427E-1 -7.8093589766E-2 -8.9563884902E-4   16   17
  9.4868977430E-1  5.9797306036E-1 -7.4557475257E-2 -8.5145362947E-4   16   17
  1.0349342992E0  6.0887571422E-1 -7.1422135320E-2 -8.0921563284E-4   16   18
  1.1211788242E0  6.1822012642E-1 -6.8616215079E-2 -7.6924286987E-4   17   18
  1.2074233491E0  6.2628152175E-1 -6.6084778518E-2 -7.3164076527E-4   17   18
  1.2936678740E0  6.3327693207E-1 -3.2974870565E-2 -1.7619896277E-4   17   19
  1.3367901365E0  6.3643042075E-1 -1.6471078072E-2 -4.3244767905E-5   18   19
  1.3583512678E0  6.3792945455E-1 -1.0552437975E-2  3.0904025623E-3   18   19
  1.3691318334E0  6.3866106149E-1 -1.3448281504E-3 -3.0031631715E-7   18   20
  1.3799123990E0  6.3938848041E-1 -7.9137154989E-2 -1.1785518359E-3   19   20
  2.0698685985E0  6.8214660318E-1 -7.6114704121E-2 -1.0845294157E-3   19   20
  2.7598247980E0  7.1839207928E-1 -7.3314039719E-2 -1.0013213696E-3   19   20
  3.4497809975E0  7.4932023778E-1 -7.0711667029E-2 -9.2733064953E-4   19   20
  4.1397371970E0  7.7587236726E-1 -6.8287289301E-2 -8.6124451665E-4   19   21
  4.8296933964E0  7.9879656180E-1 -6.6023282820E-2 -8.0197589246E-4   20   21
  5.5196495959E0  8.1869246112E-1 -6.3904271808E-2 -7.4861835627E-4   20   21
  6.2096057954E0  8.3604452765E-1 -6.1916781783E-2 -7.0041127647E-4   20   21
  6.8995619949E0  8.5124706214E-1 -6.0048955008E-2 -6.5671254900E-4   20   21
  7.5895181944E0  8.6462319594E-1 -5.8290315467E-2 -6.1697710343E-4   20   22
  8.2794743939E0  8.7643944405E-1 -1.0688317288E-1 -2.2576268054E-3   21   22
  9.6593867929E0  8.9624026550E-1 -1.0145095807E-1 -2.0137819539E-3   21   22
  1.1039299192E1  9.1201929477E-1 -9.6541676643E-2 -1.8073982370E-3   21   23
  1.2419211591E1  9.2474882551E-1 -9.2083606039E-2 -1.6311768870E-3   22   23
  1.3799123990E1  9.3513203194E-1 -8.8017508296E-2 -1.4795141593E-3   22   23
  1.5179036389E1  9.4368604524E-1 -8.4294039637E-2 -1.3480499079E-3   22   23
  1.6558948788E1  9.5079695959E-1 -8.0871776097E-2 -1.2333504694E-3   22   24
  1.7938861187E1  9.5675700490E-1 -7.7715691691E-2 -1.1326820475E-3   23   24
  1.9318773586E1  9.6179013692E-1 -1.3847175746E-1 -4.0207957959E-3   23   24
  2.2078598384E1  9.6973242622E-1 -1.2951286645E-1 -3.4560168286E-3   23   25
  2.4838423182E1  9.7561375662E-1 -1.2163358762E-1 -3.0023569520E-3   24   25
  2.7598247980E1  9.8006212383E-1 -1.1465138589E-1 -2.6324628242E-3   24   26
  3.0358072778E1  9.8348907928E-1 -1.0842233196E-1 -2.3269101963E-3   25   26
  3.3117897576E1  9.8617202579E-1 -1.0283150399E-1 -2.0715966878E-3   25   26
  3.5877722374E1  9.8830260126E-1 -9.7786087247E-2 -1.8560828718E-3   25   26
  3.8637547172E1  9.9001609833E-1 -1.6915637917E-1 -6.3822245900E-3   25   27
  4.4157196768E1  9.9255527836E-1 -1.5602314769E-1 -5.2814617934E-3   26   27
  4.9676846363E1  9.9429991552E-1 -1.4475665300E-1 -4.4426795253E-3   26   27
  5.5196495959E1  9.9553828295E-1 -1.3499050147E-1 -3.7888600352E-3   26   27
  6.0716145555E1  9.9644165493E-1 -1.2644688075E-1 -3.2693521283E-3   26   28
  6.6235795151E1  9.9711618227E-1 -2.0971045180E-1 -1.0732445004E-2   27   28
  7.7275094343E1  9.9802844687E-1 -1.9003965880E-1 -8.4176226978E-3   27   28
  8.8314393535E1  9.9859242105E-1 -2.8700363564E-1 -2.4818104299E-2   27   29
  1.1039299192E2  9.9920940861E-1 -2.5238667189E-1 -1.7308965242E-2   28   29
  1.3247159030E2  9.9951198461E-1 -3.4715685367E-1 -4.5472751399E-2   28   30
  1.7662878707E2  9.9977584190E-1 -3.0007466497E-1 -2.8227162864E-2   29   30
  2.2078598384E2  9.9987880561E-1 -2.6264807577E-1 -1.9226616583E-2   29   31
  2.6494318061E2  9.9992710810E-1 -3.5567538342E-1 -4.9429889292E-2   30   32
  3.5325757414E2  9.9996760009E-1 -4.1417334489E-1 -1.0226994654E-1   31   32
  5.2988636121E2  9.9998979907E-1 -3.5987146586E-1 -5.1271852269E-2   31   33
  7.0651514828E2  9.9999553366E-1 -3.7087052449E-1 -3.2861914688E-1   32   34
  1.4130302966E3  9.9999939481E-1 -3.7317170995E-1 -3.2736307728E-1   33   35
  2.8260605931E3  9.9999991787E-1 -3.7878350577E-1 -3.2113948987E-1   34   37
  5.6521211862E3  9.9999998869E-1 -3.8718601512E-1 -3.1091511940E-1   36   40
  1.1304242372E4  9.9999999840E-1 -3.9806251972E-1 -2.9715817006E-1   39   40
  2.2608484745E4  9.9999999977E-1 -4.1101774455E-1 -2.8028559036E-1   39   40
  4.5216969490E4  9.9999999996E-1 -4.2538974160E-1 -2.6096186300E-1   39   40
  9.0433938980E4  9.9999999999E-1 -4.4021069757E-1 -2.4022165375E-1   39   40
  1.8086787796E5  1.0000000000E0 -4.5435133001E-1 -2.1938197868E-1   39   41
  3.6173575592E5  1.0000000000E0 -4.6679908774E-1 -1.9977747827E-1   40   41
  7.2347151184E5  1.0000000000E0 -4.7692379615E-1 -1.8245247941E-1   40   41
  1.4469430237E6  1.0000000000E0 -4.8458220949E-1 -1.6797048935E-1   40   41
  2.8938860474E6  1.0000000000E0 -4.9002830517E-1 -1.5641300945E-1   40   41
  5.7877720947E6  1.0000000000E0 -4.9372036004E-1 -1.4751742862E-1   40   42
  1.1575544189E7  1.0000000000E0 -4.9614286387E-1 -1.4085140631E-1   41   42
  2.3151088379E7  1.0000000000E0 -4.9770384550E-1 -1.3594962211E-1   41   42
  4.6302176758E7  1.0000000000E0 -4.9870406560E-1 -1.3239138975E-1   41   42
  9.2604353515E7  1.0000000000E0 -4.9934745423E-1 -1.2983068906E-1   41   43
  1.8520870703E8  1.0000000000E0 -4.9976546542E-1 -1.2799841578E-1   42   43
  3.7041741406E8  1.0000000000E0 -5.0004060162E-1 -1.2669234395E-1   42   43
  7.4083482812E8  1.0000000000E0 -4.0350063287E-1 -4.1965799469E-2   42   44
  1.1112522422E9  1.0000000000E0 -3.2345302748E-1 -2.0920034333E-2   43   44
  1.4816696562E9  1.0000000000E0 -2.6786797332E-1 -1.2528491200E-2   43   44
  1.8520870703E9  1.0000000000E0 -2.2802865764E-1 -8.3412911557E-3   43   45
  2.2225044844E9  1.0000000000E0 -1.9829981346E-1 -5.9521186269E-3   44   45
  2.5929218984E9  1.0000000000E0 -1.7533763748E-1 -4.4605664183E-3   44   46
  2.9633393125E9  1.0000000000E0 -1.5709587686E-1 -3.4670933053E-3   45   46
  3.3337567266E9  1.0000000000E0 -1.4226715918E-1 -2.7721781275E-3   45   46
  3.7041741406E9  1.0000000000E0 -1.2998178488E-1 -2.2671015383E-3   45   47
  4.0745915547E9  1.0000000000E0 -1.1964044859E-1 -1.8884976319E-3   46   47
  4.4450089687E9  1.0000000000E0 -1.1081745523E-1 -1.5974001649E-3   46   48
  4.8154263828E9  1.0000000000E0 -1.0320243042E-1 -1.3687750876E-3   47   49
  5.1858437969E9  1.0000000000E0 -9.6563910117E-2 -1.1859422062E-3   48   49
  5.5562612109E9  1.0000000000E0 -9.0725847099E-2 -1.0374394827E-3   48   50
  5.9266786250E9  1.0000000000E0 -8.5552010030E-2 -9.1517960356E-4   49   50
  6.2970960390E9  1.0000000000E0 -8.0935356875E-2 -8.1332403571E-4   49   51
  6.6675134531E9  1.0000000000E0 -7.6790630940E-2 -7.2757224577E-4   50   51
  7.0379308672E9  1.0000000000E0 -7.3049097059E-2 -6.5469989134E-4   50   52
  7.4083482812E9  1.0000000000E0 -6.9654730879E-2 -5.9225107098E-4   51   52
  7.7787656953E9  1.0000000000E0 -6.6561414693E-2 -5.3832857098E-4   51   53
  8.1491831094E9  1.0000000000E0 -6.3730843219E-2 -4.9144799841E-4   52   54
  8.5196005234E9  1.0000000000E0 -6.1130938412E-2 -4.5043449094E-4   53   55
  8.8900179375E9  1.0000000000E0 -5.8734634753E-2 -4.1434836945E-4   54   56
  9.2604353515E9  1.0000000000E0 -5.6518937918E-2 -3.8243082165E-4   55   57
  9.6308527656E9  1.0000000000E0 -5.4464187693E-2 -3.5406367794E-4   56   58
  1.0001270180E+10  1.0000000000E0 -5.2553475300E-2 -3.2873925040E-4   57   60
  1.0371687594E+10  1.0000000000E0 -5.0772178696E-2 -3.0603745710E-4   59   62
  1.0742105008E+10  1.0000000000E0 -4.9107588905E-2 -2.8560828783E-4   61   65
  1.1112522422E+10  1.0000000000E0 -4.7548607259E-2 -2.6715823162E-4   64  128
  1.1482939836E+10  1.0000000000E0  0.0000000000E0  0.0000000000E0  127  128